PDB_IDs	Ligand_Codes	Predictions	Labels
1bcu	PRL	4.137	3.28
1bzc	TPI	6.986	4.92
1c5z	BEN	4.074	4.01
1e66	HUX	7.278	9.89
1eby	BEB	7.979	9.70
1g2k	NM1	6.112	7.96
1gpk	HUP	6.179	5.37
1gpn	HUB	7.510	6.48
1h22	E10	7.876	9.10
1h23	E12	7.945	8.35
1k1i	FD1	6.836	6.58
1lpg	IMA	7.961	7.09
1mq6	XLD	9.527	11.15
1nc1	MTH	7.165	6.12
1nc3	FMC	6.540	5.00
1nvq	UCN	8.828	8.25
1o0h	ADP	4.460	5.92
1o3f	696	6.104	7.96
1o5b	ESI	4.789	5.77
1owh	239	5.366	7.40
1oyt	FSN	5.873	7.24
1p1n	KAI	5.828	6.80
1p1q	AMQ	5.314	4.89
1ps3	KIF	3.521	2.28
1pxn	CK6	6.488	7.15
1qf1	TI1	6.039	7.32
1qkt	EST	7.955	9.04
1r5y	DQU	5.398	6.46
1s38	MAQ	4.892	5.15
1sqa	UI1	7.472	9.21
1syi	CPW	5.294	5.44
1u1b	PAX	6.836	7.80
1uto	PEA	3.519	2.27
1vso	AT1	7.790	4.72
1w4o	UA3	4.340	5.22
1y6r	MTM	10.139	10.11
1yc1	4BC	6.890	6.17
1z6e	IK8	8.964	9.72
1z95	198	7.579	7.12
1z9g	RRT	5.670	5.64
2al5	FWD	6.427	8.40
2br1	PFP	7.078	5.14
2brb	PFQ	6.702	4.86
2cbv	CGB	3.963	5.48
2cet	PGI	7.110	8.02
2fvd	LIA	7.472	8.52
2fxs	RDA	5.547	6.06
2hb1	512	4.448	3.80
2iwx	M1S	6.763	6.68
2j78	GOX	4.044	6.42
2j7h	AZF	8.099	7.19
2p15	EZT	8.308	10.30
2p4y	C03	7.386	9.00
2pog	WST	7.879	9.54
2qbp	527	6.154	8.40
2qbq	4B3	5.921	7.44
2qbr	910	5.318	6.33
2qe4	JJ3	7.895	7.96
2qnq	QN3	6.781	6.11
2r9w	23C	5.195	5.10
2v00	V15	3.937	3.66
2v7a	627	7.279	8.30
2vkm	BSD	7.779	8.74
2vvn	NHT	8.147	7.30
2vw5	BC6	6.642	8.52
2w4x	STZ	4.951	4.85
2w66	HQ6	5.707	4.05
2wbg	LGS	5.619	4.45
2wca	NP6	6.979	5.60
2weg	FBV	5.913	6.50
2wer	RDC	5.758	7.05
2wn9	ZY5	7.687	8.52
2wnc	TKT	6.752	6.32
2wtv	ZZL	8.374	8.74
2wvt	FHN	5.250	6.12
2x00	GYN	7.050	11.33
2xb8	XNW	5.839	7.59
2xbv	XBV	8.728	8.43
2xdl	2DL	4.853	3.10
2xii	TA9	6.738	7.20
2xj7	GC2	6.538	6.66
2xnb	Y8L	6.275	6.83
2xys	SY9	7.509	7.42
2y5h	Y5H	9.273	5.79
2yfe	YFE	6.903	6.63
2yge	GDM	5.518	5.06
2yki	YKI	6.945	9.46
2ymd	SRO	5.131	3.16
2zb1	GK4	7.910	6.32
2zcq	B65	6.128	8.82
2zcr	B69	6.234	6.87
2zda	32U	6.302	8.40
2zy1	830	6.391	7.40
3acw	651	6.088	4.76
3ag9	A02	6.837	8.05
3ao4	833	2.924	2.07
3arp	DEQ	4.633	7.15
3arq	DM5	5.370	6.40
3aru	PNX	4.639	3.22
3arv	SAU	4.996	5.64
3ary	I5I	4.670	6.00
3b1m	KRC	7.324	8.48
3b27	B2T	6.190	5.16
3b5r	B5R	7.613	8.77
3b65	3B6	7.356	9.27
3b68	B68	8.080	8.40
3bgz	VX3	5.071	6.26
3coy	53H	6.913	6.02
3coz	54H	6.305	5.57
3d4z	GIM	6.006	4.89
3d6q	U3S	3.445	3.76
3dd0	EZL	8.512	9.00
3dx1	YHO	6.137	3.58
3dx2	MZB	4.362	6.82
3dxg	U5P	3.695	2.40
3e5a	VX6	6.475	8.23
3e92	G6A	8.263	8.00
3e93	19B	8.824	8.85
3ebp	CPB	6.634	5.91
3ehy	TBL	6.597	5.85
3ejr	HN4	6.734	8.57
3f3c	PFF	3.807	6.02
3fcq	M3S	3.519	2.77
3fur	Z12	5.859	8.00
3fv1	DYH	9.302	9.30
3fv2	NDZ	8.369	8.11
3g0w	LGB	8.072	9.52
3g2n	OAK	4.424	4.09
3g2z	GZ2	4.496	2.36
3g31	GF1	3.270	2.89
3gbb	MS8	6.950	6.90
3gc5	2MQ	6.942	7.26
3ge7	AFQ	7.441	8.70
3gr2	GF4	2.415	2.52
3gv9	GV9	3.366	2.12
3gy4	PBZ	4.280	5.10
3ivg	FG5	5.460	4.30
3jvr	AGX	6.365	5.72
3jvs	AGY	8.119	6.54
3jya	LWG	6.626	6.89
3k5v	STJ	7.073	6.30
3kgp	4AZ	3.187	2.57
3kr8	XAV	7.639	8.10
3kwa	SPM	5.262	4.08
3l7b	DKZ	3.151	2.40
3lka	M4S	6.961	2.82
3mss	MS7	5.505	4.66
3myg	EML	8.160	10.70
3n76	CA2	5.681	6.85
3n7a	FA1	4.360	3.70
3n86	RJP	4.991	5.64
3nq9	OCA	5.169	4.03
3nw9	637	8.044	9.00
3nx7	NHK	7.689	8.10
3o9i	A61	10.711	11.82
3oe4	610	5.288	7.47
3oe5	611	6.520	6.88
3ozs	OZS	6.204	5.33
3ozt	OZZ	5.564	4.13
3p5o	EAM	6.754	7.26
3prs	RIT	6.912	7.82
3pww	ROC	6.882	7.32
3pxf	2AN	5.083	4.43
3pyy	3YY	8.027	6.86
3qgy	L7O	7.566	7.80
3qqs	17C	4.272	5.82
3r88	14F	3.921	4.82
3rlr	3RR	8.797	7.52
3rr4	HRD	5.791	4.55
3rsx	RSV	4.007	4.41
3ryj	RYJ	7.559	7.80
3syr	GPK	5.325	5.10
3tsk	QEG	8.175	7.17
3twp	SAL	3.890	3.92
3u5j	08H	7.587	5.61
3u8k	09P	6.614	8.66
3u8n	09S	8.043	10.17
3u9q	DKA	5.153	4.38
3udh	091	4.068	2.85
3ueu	DAO	5.994	5.24
3uev	MYR	6.175	5.89
3uew	PLM	6.274	6.31
3uex	STE	6.328	6.92
3ui7	C1L	8.742	9.00
3uo4	0C0	7.754	6.52
3up2	0C8	7.309	7.40
3utu	1TS	8.434	10.92
3uuo	0CV	8.224	7.96
3wtj	TH4	7.944	6.53
3wz8	IXV	5.383	5.82
3zdg	XRX	7.222	7.10
3zso	O2N	4.151	5.12
3zsx	N44	4.732	3.28
3zt2	ZT2	2.791	2.84
4abg	91B	4.652	3.57
4agn	NXG	4.679	3.97
4agp	P51	5.125	4.69
4agq	P96	4.760	5.01
4bkt	QD0	4.379	3.62
4cig	X0P	4.024	3.67
4ciw	XH2	5.044	4.82
4cr9	OTW	4.622	4.10
4cra	XJ8	8.438	7.22
4crc	OTM	8.175	8.72
4ddh	MS0	2.947	3.30
4ddk	0HN	3.046	2.29
4de1	0J6	4.463	5.96
4de2	DN3	4.797	4.12
4de3	DN8	4.154	5.52
4djv	0KM	7.281	6.72
4dld	TZG	6.565	5.82
4dli	IRG	6.301	5.62
4e5w	0NT	7.912	7.66
4e6q	0NV	7.683	8.36
4ea2	RWZ	5.821	6.44
4eky	D1J	2.927	3.52
4eor	4SP	5.900	6.30
4f09	JAK	8.423	6.70
4f9w	LM4	7.454	6.94
4gfm	0X2	8.240	7.22
4gid	0GH	7.931	10.77
4gkm	683	5.134	5.17
4gr0	R4B	8.639	9.55
4hge	15V	7.914	7.92
4ivb	1J5	7.855	8.72
4ivc	1J6	7.992	10.00
4ivd	15T	7.874	9.52
4j21	AJ6	7.675	7.41
4j28	EAT	6.562	5.70
4j3l	AJ5	7.628	7.80
4jfs	16Z	3.968	5.27
4jia	1K3	6.750	9.22
4jsz	FB2	5.985	2.30
4jxs	18U	4.644	4.74
4k18	1OB	7.749	8.96
4k77	1Q4	7.777	6.63
4kz6	ZB6	4.900	3.10
4kzq	DFL	6.117	6.10
4kzu	A73	6.911	6.50
4llx	5ZE	3.580	2.89
4lzs	L46	4.767	4.80
4m0y	M0Y	6.772	6.46
4m0z	M0Z	7.330	5.19
4mgd	27N	6.228	4.69
4mme	29Q	5.734	6.50
4ogj	2TA	7.092	6.79
4owm	3F0	4.048	2.96
4pcs	2M7	6.731	7.85
4qac	KK3	7.329	9.40
4qd6	30T	7.561	8.64
4rfm	3P6	8.038	10.05
4tmn	0PK	6.624	10.17
4twp	AXI	8.690	10.00
4ty7	39F	8.119	9.52
4u4s	3C1	6.212	2.92
4w9c	3JG	5.076	4.65
4wiv	3P2	6.807	6.26
4x6p	3YU	8.929	8.30
5a7b	KMN	4.707	3.57
5aba	UL7	4.937	2.98
5dwr	5H7	9.728	11.22
5tmn	0PJ	6.649	8.04
